Using device: cpu
NOTE: If you have a GPU, consider using it for training.
      On a Windows machine with NVidia GPU, check this video: https://www.youtube.com/watch?v=GMSjDTU8Zlc
      On a Mac machine, run: pip3 install --pre torch torchvision torchaudio torchtext --index-url https://download.pytorch.org/whl/nightly/cpu
Max length of source sentence: 309
Max length of target sentence: 274
No model to preload, starting from scratch
140.02813136357872
46.64508146561275
117.59597514355846
95.89523106114939
1993.3088499328733
618.3257685734134
2976.862868945318
1019.0401812451455
184.29925657983404
176.8036996054434
389.4792691426119
182.77499966643518
478.7868313087529
523.7878936895868
237.23078752482252
271.580137359706
2918.035924903961
576.8525189068896
4648.811468723579
2211.2607623057556
289.19656260768534
255.16362507005397
433.3253188178787
215.0139497643977
667.3080816199217
919.4297312660638
542.2999437541876
567.0157438089518
2851.650325101218
435.9652626590105
3116.4454310328438
1013.0437248790258
160.5028374797257
138.01628770124807
310.61331224009336
149.63501239435573
326.48655633238377
377.8288063585933
113.70149377398775
151.56170006775938
2069.2994937689946
200.3996812618425
2163.544837412701
729.4596812698728
150.8432874288701
140.3923628913617
361.7997624587588
168.19147499518294
351.3318186378456
413.3397940222494
115.3157752014522
157.98853746673558
2074.4205563914875
183.98209413135191
2121.407899494443
692.4034377334465
149.15268743607157
142.3114312274265
365.9350686120888
171.96945000250707
352.25547489972087
424.34872539161006
114.11854961806966
162.76233773169224
2071.1197748823906
261.1429811167909
2216.3184749842912
726.1920248765819
151.09693717931805
144.95326290671073
363.73310017552285
175.8721623900783
364.02989408088615
436.3265494703228
127.42410635837587
158.87769413893693
128.88548744740547
63.882412814564304
91.58253719760978
85.97569985795417
2223.4063002997573
394.23406842615805
2360.9029935414583
693.6771501386829
144.20623751902895
137.82648757114657
1936.3768187758978
411.49328117171535
2378.8210750353755
684.5288065960631
142.9330808150553
139.11771875427803
352.3691249483818
168.33083136589266
349.52420032823284
419.60050621128175
110.59495623158
162.46939349002787
2233.743862461779
439.08401889893867
2373.9789311093773
674.6169563939475
143.66410641741822
137.1642808408069
1961.8297688339228
437.00807518689544
2409.6639626350225
667.652918764361
141.81651272338058
136.29418713207997
349.60679399773653
167.7308624948637
347.8232375528023
422.2960370952933
110.52709987779963
163.16603123414097
2241.6541875372786
409.00117487581156
2332.792775132475
676.7704684079945
142.5452311650588
137.80514368590957
1961.998731349013
477.36373767293117
2347.2722496990173
663.8865378590708
143.69003765750676
137.10684966099507
354.33819998615945
168.5002438534866
344.881793444074
424.56430001038825
110.51861283704056
162.383662245702
2245.7592626324185
459.2715312355722
2336.546556034591
673.9772250057285
142.43531277315924
138.16706209581753
1980.128118839275
545.2622500342841
2354.1648687114503
661.1648876059917
142.2224752332113
137.8525623749738
352.12166862947925
166.16996913398907
348.4156000922667
417.2074687176064
109.316056523312
162.21463120018598
2222.9728627280565
577.7846312867041
2311.9578750083747
662.9232311297528
142.98134378805116
137.02027490580804
1979.5295316271224
630.8411433565198
2414.7021128555934
671.3070433761459
140.83595015108585
136.1724686830712
348.0636062249687
164.5125376398937
339.52263120227144
418.47955676530546
110.04141852026805
161.86518118956883
2271.298450523318
613.2595684903208
2549.040624899135
677.5078065857087
142.00941891431285
137.2977312257717
2017.4520060209034
686.6168312171794
2638.2500812815124
679.5370685722446
142.08960642463353
137.5550999000552
342.5485127081629
164.75216848448326
341.3778185404226
414.7112437749456
110.76854998464114
146.70914379166788
50582.4657246194
